MIN =  1
MAX =  2
MEAN =  1.17647058824
VARIANCE =  0.145328719723
STANDARD DEVIATION =  0.381220041083
MIN =  1
MAX =  2
MEAN =  1.03125
VARIANCE =  0.0302734375
STANDARD DEVIATION =  0.173992636338
MIN =  1
MAX =  3
MEAN =  1.24324324324
VARIANCE =  0.238130021914
STANDARD DEVIATION =  0.48798567798
