MIN =  1
MAX =  4
MEAN =  1.47058823529
VARIANCE =  0.719723183391
STANDARD DEVIATION =  0.848365005992
MIN =  1
MAX =  4
MEAN =  1.109375
VARIANCE =  0.222412109375
STANDARD DEVIATION =  0.471605883525
MIN =  1
MAX =  3
MEAN =  1.2972972973
VARIANCE =  0.317019722425
STANDARD DEVIATION =  0.563045044757
